2933,4,7,8,24,29,42,26,
2934,13,15,21,29,31,33,5,
2910,14,17,25,27,28,40,9,
2858,5,16,30,32,33,41,14,
2912,3,5,9,23,25,31,14,
2913,2,18,20,38,43,44,28,
2914,14,17,27,28,32,36,41,
2915,10,11,31,37,39,43,22,
2916,10,17,27,28,42,45,23,
2917,4,7,8,33,36,43,9,
2918,3,25,33,36,42,45,10,
2919,26,27,34,39,41,45,28,
2853,4,9,26,27,37,44,12,
2852,9,13,18,19,23,28,1,
2855,11,14,16,30,32,34,19,
2854,2,16,18,19,25,38,23,
2857,7,11,25,36,37,38,35,
2856,11,13,23,29,31,38,21,
2935,3,7,20,36,39,45,6,
2828,1,11,14,20,23,36,27,
2829,16,20,22,25,26,27,18,
2824,4,8,14,24,31,35,45,
2825,16,18,23,25,29,34,26,
2826,5,6,10,21,26,37,1,
2827,1,10,15,34,38,41,25,
2820,7,9,16,24,39,40,18,
2821,8,10,11,25,27,43,2,
2822,1,4,15,18,33,42,38,
2823,6,25,28,31,38,44,23,
2769,1,4,6,12,25,41,16,
2768,10,15,22,28,30,40,25,
2763,4,31,33,37,39,45,41,
2762,5,12,17,18,33,40,15,
2761,2,3,19,21,23,45,25,
2760,9,16,22,26,33,45,43,
2767,4,8,12,15,23,27,26,
2766,11,28,32,37,43,45,13,
2765,1,8,22,25,32,36,34,
2764,1,4,21,23,39,44,42,
2774,7,9,10,19,22,42,32,
2775,7,30,37,42,44,45,31,
2776,6,23,31,35,37,39,8,
2777,4,7,9,11,21,45,27,
2778,5,8,12,27,35,39,17,
2779,3,14,17,22,31,44,9,
2942,5,12,20,25,26,39,1,
2780,8,21,32,35,39,43,18,
2867,6,25,28,43,44,45,42,
2781,13,20,22,25,33,37,41,
2688,4,7,18,23,24,35,33,
2689,8,12,24,39,40,41,23,
2684,9,23,24,28,31,33,20,
2685,5,7,21,35,38,45,24,
2686,4,24,27,37,40,42,22,
2687,12,18,27,28,32,42,26,
2680,1,18,31,32,36,43,16,
2681,1,13,19,21,23,37,10,
2682,5,11,15,19,34,35,41,
2683,16,20,21,28,32,36,26,
2943,14,18,19,34,35,36,17,
2860,15,17,32,36,37,42,44,
2861,12,19,21,22,26,29,39,
2862,2,12,15,28,35,38,41,
2863,7,23,27,35,41,43,29,
2864,9,14,18,20,32,34,45,
2865,9,10,14,15,18,42,31,
2866,10,11,19,22,34,45,31,
2911,8,11,15,27,32,43,6,
2868,15,19,23,31,40,45,34,
2869,1,11,25,39,41,44,2,
2949,6,10,11,13,29,45,23,
2948,4,6,13,17,32,35,11,
2947,5,8,20,27,39,40,42,
2946,3,7,10,21,32,38,22,
2945,8,11,16,21,33,40,5,
2944,15,18,21,27,32,45,11,
2943,14,18,19,34,35,36,17,
2942,12,20,25,26,39,12,
2941,10,11,17,19,27,37,24,
2940,5,10,11,23,41,43,24,
2851,7,13,17,19,20,26,5,
2850,1,7,10,23,25,35,18,
2712,5,15,17,29,31,33,32,
2713,4,5,15,16,34,40,14,
2659,11,12,17,25,27,32,42,
2658,6,14,19,20,28,39,16,
2716,3,4,5,9,24,29,7,
2717,8,9,12,31,44,45,23,
2714,14,17,32,33,38,41,27,
2715,3,19,21,27,33,34,8,
2653,4,17,30,39,43,45,19,
2652,10,13,18,27,33,44,38,
2718,4,7,9,17,18,23,33,
2719,12,13,20,21,24,35,30,
2657,9,10,17,23,29,45,15,
2656,4,9,18,19,41,44,23,
2655,35,36,40,41,43,44,32,
2654,11,13,19,33,37,42,17,
2652,10,13,18,27,33,44,38,
2653,4,17,30,39,43,45,19,
2654,11,13,19,33,37,42,17,
2655,35,36,40,41,43,44,32,
2656,4,9,18,19,41,44,23,
2657,9,10,17,23,29,45,15,
2658,6,14,19,20,28,39,16,
2659,11,12,17,25,27,32,42,
2660,11,20,23,32,39,42,19,
2661,4,9,16,23,33,38,39,
2662,17,20,21,22,24,30,16,
2663,1,13,26,34,42,45,7,
2664,1,6,8,29,31,36,26,
2665,1,13,22,23,24,36,12,
2666,3,7,27,30,41,45,9,
2667,3,7,18,26,29,30,43,
2668,2,25,34,35,37,43,8,
2669,1,5,7,10,22,26,15,
2670,10,11,12,16,36,38,39,
2671,3,13,17,28,44,45,9,
2672,1,6,18,27,29,44,3,
2673,2,5,14,24,28,36,18,
2674,6,9,17,20,24,26,28,
2675,7,8,15,23,27,36,16,
2676,2,9,13,17,29,44,27,
2677,2,11,21,36,37,44,24,
2678,8,15,17,21,33,37,18,
2679,7,11,12,16,34,41,38,
2680,1,18,31,32,36,43,16,
2681,1,13,19,21,23,37,10,
2682,5,11,15,19,34,35,41,
2683,16,20,21,28,32,36,26,
2684,9,23,24,28,31,33,20,
2685,5,7,21,35,38,45,24,
2686,4,24,27,37,40,42,22,
2687,12,18,27,28,32,42,26,
2903,8,9,12,18,22,32,6,
2902,5,7,13,19,22,45,18,
2901,1,5,9,28,30,39,16,
2900,8,13,16,26,29,42,40,
2907,15,20,23,40,42,44,22,
2906,1,13,16,22,27,33,38,
2905,15,20,21,28,35,43,39,
2904,4,17,24,28,41,42,43,
2696,7,19,20,24,33,36,6,
2697,5,7,27,36,38,44,15,
2909,3,5,23,31,34,39,17,
2908,2,8,15,22,23,25,16,
2700,2,10,20,28,33,35,16,
2701,4,6,15,16,20,36,35,
2702,3,10,37,38,40,41,21,
2703,7,9,26,33,39,40,30,
2704,1,3,13,36,41,42,37,
2705,13,17,21,22,24,45,26,
2706,3,20,30,36,37,43,22,
2707,5,7,15,24,27,33,45,
2708,9,12,21,22,28,43,33,
2709,4,16,18,22,23,43,25,
2710,14,27,28,29,36,40,19,
2711,7,18,26,41,43,44,45,
2712,5,15,17,29,31,33,32,
2713,4,5,15,16,34,40,14,
2714,14,17,32,33,38,41,27,
2715,3,19,21,27,33,34,8,
2716,3,4,5,9,24,29,7,
2717,8,9,12,31,44,45,23,
2718,4,7,9,17,18,23,33,
2719,12,13,20,21,24,35,30,
2720,2,17,20,33,36,37,42,
2721,12,20,25,38,43,44,15,
2722,9,14,17,32,33,45,7,
2723,11,12,17,23,30,31,41,
2724,8,13,17,25,27,29,11,
2725,5,11,38,39,41,45,1,
2726,1,11,20,25,26,36,33,
2727,2,8,15,21,27,35,7,
2728,6,8,13,19,23,29,44,
2729,7,12,21,34,39,42,14,
2730,2,4,5,15,30,40,1,
2731,1,19,33,36,37,40,5,
2732,1,18,21,31,42,44,28,
2733,12,13,17,36,43,44,41,
2734,1,2,19,24,42,45,32,
2735,22,31,34,36,38,39,43,
2736,1,11,27,37,43,44,12,
2737,9,15,18,21,26,30,39,
2738,1,9,10,15,17,34,19,
2739,4,9,14,26,30,43,12,
2740,5,15,29,36,37,45,25,
2741,2,3,9,13,14,39,8,
2742,8,12,28,29,32,42,24,
2743,8,9,11,20,22,38,5,
2744,8,14,22,24,29,41,43,
2745,9,17,18,32,33,44,4,
2746,4,7,27,34,36,42,11,
2747,13,22,30,31,34,38,6,
2748,5,8,17,22,35,43,1,
2749,7,13,15,19,38,43,14,
2750,11,12,17,20,40,41,10,
2751,5,8,19,20,23,30,16,
2752,1,3,9,11,35,38,6,
2753,16,17,25,27,28,35,45,
2754,1,2,8,9,16,33,12,
2755,6,8,10,14,18,21,43,
2756,8,18,19,30,31,38,14,
2757,12,15,16,21,25,26,8,
2758,7,10,12,29,35,38,8,
2759,29,33,34,37,42,44,17,
2760,9,16,22,26,33,45,43,
2761,2,3,19,21,23,45,25,
2762,5,12,17,18,33,40,15,
2763,4,31,33,37,39,45,41,
2764,1,4,21,23,39,44,42,
2765,1,8,22,25,32,36,34,
2766,11,28,32,37,43,45,13,
2767,4,8,12,15,23,27,26,
2768,10,15,22,28,30,40,25,
2769,1,4,6,12,25,41,16,
2770,20,27,32,40,41,44,22,
2771,4,11,17,22,26,32,10,
2772,10,20,26,28,41,44,15,
2773,6,22,24,25,31,37,29,
2839,2,3,15,27,41,45,17,
2838,12,20,28,31,32,40,27,
2837,16,19,22,27,36,39,12,
2836,8,10,15,21,28,40,26,
2835,24,30,33,35,37,38,17,
2834,22,23,38,41,44,45,39,
2833,3,31,35,36,38,45,29,
2832,2,6,8,23,27,39,4,
2831,8,9,13,16,22,43,24,
2830,2,3,14,15,33,40,45,
2784,3,7,8,16,21,24,26,
2785,6,13,30,33,38,41,43,
2786,11,14,17,18,27,32,35,
2787,5,6,22,25,27,33,17,
2788,1,17,31,37,38,45,26,
2789,2,5,22,26,34,36,6,
2790,12,14,18,23,28,41,1,
2791,9,17,21,28,37,40,30,
2792,14,15,21,24,25,36,42,
2793,10,13,15,27,34,41,31,
2794,4,9,13,17,20,29,40,
2795,3,7,19,38,41,43,12,
2796,9,14,18,19,25,33,32,
2797,13,20,21,30,40,42,29,
2798,11,15,22,30,32,33,19,
2799,1,3,13,22,24,42,41,
2800,2,12,17,29,34,39,23,
2801,4,7,9,10,23,30,42,
2802,14,22,27,31,33,34,1,
2803,3,6,10,13,23,27,17,
2804,15,19,24,29,31,42,3,
2805,8,12,15,26,33,42,2,
2806,9,20,24,26,40,44,22,
2807,18,22,25,26,42,44,5,
2808,7,10,11,12,16,42,8,
2809,17,20,22,30,36,37,16,
2810,4,14,25,34,42,45,17,
2811,19,30,35,42,44,45,1,
2812,11,12,16,22,26,38,31,
2813,4,21,26,38,41,43,16,
2814,13,23,30,36,40,43,41,
2815,7,10,24,26,27,31,20,
2816,3,4,6,29,33,35,41,
2817,11,20,24,38,39,44,17,
2818,22,23,27,29,32,38,16,
2819,3,5,36,37,42,43,17,
2820,7,9,16,24,39,40,18,
2821,8,10,11,25,27,43,2,
2822,1,4,15,18,33,42,38,
2823,6,25,28,31,38,44,23,
2824,4,8,14,24,31,35,45,
2825,16,18,23,25,29,34,26,
2826,5,6,10,21,26,37,1,
2827,1,10,15,34,38,41,25,
2828,1,11,14,20,23,36,27,
2829,16,20,22,25,26,27,18,
2830,2,3,14,15,33,40,45,
2831,8,9,13,16,22,43,24,
2832,2,6,8,23,27,39,4,
2833,3,31,35,36,38,45,29,
2834,22,23,38,41,44,45,39,
2835,24,30,33,35,37,38,17,
2836,8,10,15,21,28,40,26,
2837,16,19,22,27,36,39,12,
2838,12,20,28,31,32,40,27,
2839,2,3,15,27,41,45,17,
2840,10,26,27,32,38,42,11,
2841,1,11,13,24,26,44,5,
2842,6,11,22,31,36,41,5,
2843,3,12,17,27,28,43,45,
2844,4,15,17,19,22,23,26,
2845,1,12,20,22,31,43,27,
2846,4,9,14,19,22,34,35,
2847,2,12,22,24,31,34,10,
2882,6,8,23,28,41,44,24,
2883,2,5,9,17,31,44,4,
2880,7,21,29,31,41,45,9,
2881,8,19,20,27,41,45,21,
2886,1,16,18,21,36,41,7,
2887,6,14,15,27,31,32,16,
2884,1,11,13,15,21,22,33,
2885,3,7,9,14,19,35,20,
2856,11,13,23,29,31,38,21,
2857,7,11,25,36,37,38,35,
2888,4,12,25,26,36,40,39,
2889,2,19,21,24,25,41,29,
2860,15,17,32,36,37,42,44,
2861,12,19,21,22,26,29,39,
2862,2,12,15,28,35,38,41,
2863,7,23,27,35,41,43,29,
2864,9,14,18,20,32,34,45,
2865,9,10,14,15,18,42,31,
2866,10,11,19,22,34,45,31,
2867,6,25,28,43,44,45,42,
2868,15,19,23,31,40,45,34,
2869,1,11,25,39,41,44,2,
2870,9,12,22,23,31,37,17,
2871,9,26,33,36,38,42,1,
2872,1,11,24,31,32,36,38,
2873,18,25,27,33,42,43,23,
2874,10,12,14,28,36,40,34,
2875,6,7,19,26,31,33,35,
2876,14,19,26,30,41,45,38,
2877,15,16,30,34,38,42,1,
2878,4,7,11,22,29,38,6,
2879,7,8,13,14,28,44,16,
2880,7,21,29,31,41,45,9,
2881,8,19,20,27,41,45,21,
2882,6,8,23,28,41,44,24,
2883,2,5,9,17,31,44,4,
2884,1,11,13,15,21,22,33,
2885,3,7,9,14,19,35,20,
2886,1,16,18,21,36,41,7,
2887,6,14,15,27,31,32,16,
2888,4,12,25,26,36,40,39,
2889,2,19,21,24,25,41,29,
2890,8,22,32,36,39,44,4,
2891,12,13,17,25,34,44,29,
2892,1,6,11,23,37,44,19,
2893,12,16,28,30,31,42,36,
2894,2,7,11,19,42,45,3,
2895,1,16,31,38,39,45,8,
2896,1,11,22,28,31,32,8,
2897,2,6,10,27,31,34,20,
2898,15,21,24,34,37,44,29,
2899,4,16,18,24,28,29,45,
2900,8,13,16,26,29,42,40,
2901,1,5,9,28,30,39,16,
2902,5,7,13,19,22,45,18,
2903,8,9,12,18,22,32,6,
2904,4,17,24,28,41,42,43,
2905,15,20,21,28,35,43,39,
2688,4,7,18,23,24,35,33,
2907,15,20,23,40,42,44,22,
2908,2,8,15,22,23,25,16,
2909,3,5,23,31,34,39,17,
2910,14,17,25,27,28,40,9,
2911,8,11,15,27,32,43,6,
2912,3,5,9,23,25,31,14,
2913,2,18,20,38,43,44,28,
2914,14,17,27,28,32,36,41,
2915,10,11,31,37,39,43,22,
2916,10,17,27,28,42,45,23,
2917,4,7,8,33,36,43,9,
2918,3,25,33,36,42,45,10,
2919,26,27,34,39,41,45,28,
2920,1,12,27,32,33,36,26,
2921,2,8,11,16,36,43,19,
2922,6,24,27,29,40,43,4,
2923,5,12,20,32,37,38,26,
2924,6,14,22,31,36,44,32,
2925,5,14,22,27,40,43,4,
2926,4,10,15,17,22,31,11,
2927,4,6,12,20,29,35,31,
2756,18,19,30,31,38,14,
2757,12,15,16,21,25,26,11,
2754,16,33,12,13,
2755,10,14,18,21,43,10,10,
2752,11,35,38,14,
2753,16,17,25,27,28,35,45,13,
2699,3,5,7,17,41,45,30,
2698,4,10,21,22,27,32,44,
2697,27,36,38,44,15,
2696,19,20,24,33,36,
2695,13,20,32,41,43,44,21,
2694,6,13,17,26,36,39,7,
2693,12,19,23,30,36,41,10,
2692,1,4,11,34,35,43,41,
2691,11,18,27,30,34,44,12,
2690,12,13,19,20,27,28,40,
2944,15,18,21,27,32,45,11,
2945,8,11,16,21,33,40,5,
2946,3,7,10,21,32,38,22,
2947,5,8,20,27,39,40,42,
2948,4,6,13,17,32,35,11,
2949,6,10,11,13,29,45,23,
2950,4,7,15,27,37,42,3,
2951,1,11,18,32,34,41,45,
2952,2,3,9,23,28,43,41,
2953,5,8,21,26,27,43,15,
2954,5,8,18,31,32,42,34,
2955,1,7,13,24,28,38,32,
2956,8,10,14,17,34,37,32,
2957,17,19,38,40,41,42,28,
2958,9,19,23,35,39,45,41,
2959,11,13,18,19,20,36,15,
2960,10,12,14,26,33,40,6,
2961,8,13,29,31,39,40,21,
2962,1,19,22,31,34,44,43,
2963,4,7,11,27,39,43,37,
2964,4,29,30,35,37,38,10,
2965,17,25,29,34,39,44,38,
2690,12,13,19,20,27,28,40,
2873,18,25,27,33,42,43,23,
2872,11,24,31,32,36,38,
2871,26,33,36,38,42,19,
2870,12,22,23,31,37,17,13,
2877,15,16,30,34,38,42,
2876,14,19,26,30,41,45,38,
2875,19,26,31,33,35,
2874,10,12,14,28,36,40,34,14,
2879,13,14,28,44,16,
2878,11,22,29,38,
2966,2,9,11,12,22,37,26,
2710,14,27,28,29,36,40,19,
2711,18,26,41,43,44,45,40,
2906,1,13,16,22,27,33,38,
2848,1,5,7,24,27,45,3,
2849,8,14,22,30,34,41,1,
2709,16,18,22,23,43,25,
2708,12,21,22,28,43,33,
2705,13,17,21,22,24,45,26,
2704,13,36,41,42,37,
2707,15,24,27,33,45,10,
2706,20,30,36,37,43,22,
2701,15,16,20,36,35,
2700,10,20,28,33,35,16,
2703,26,33,39,40,30,13,
2702,10,37,38,40,41,21,
2798,11,15,22,30,32,33,19,
2799,13,22,24,42,41,
2792,14,15,21,24,25,36,42,
2793,10,13,15,27,34,41,31,
2790,12,14,18,23,28,41,14,
2791,17,21,28,37,40,30,
2796,14,18,19,25,33,32,
2797,13,20,21,30,40,42,29,
2794,13,17,20,29,40,
2795,19,38,41,43,12,
2928,1,4,5,12,30,45,9,
2699,3,5,7,17,41,45,30,
2929,14,15,20,23,33,44,34,
2930,5,13,15,16,21,28,34,
2666,27,30,41,45,
2667,18,26,29,30,43,
2664,29,31,36,26,10,
2665,13,22,23,24,36,12,
2662,17,20,21,22,24,30,16,
2663,13,26,34,42,45,
2660,11,20,23,32,39,42,19,
2661,16,23,33,38,39,
2932,2,4,18,29,30,44,21,
2668,25,34,35,37,43,
2669,10,22,26,15,20,
2750,11,12,17,20,40,41,10,37,
2938,1,4,10,16,36,42,44,
2939,5,8,9,15,16,21,26,
2936,1,8,14,28,32,38,5,
2937,3,7,11,21,25,33,39,
2934,13,15,21,29,31,33,
2935,20,36,39,45,
2932,18,29,30,44,21,10,
2933,24,29,42,26,13,
2930,13,15,16,21,28,34,
2931,13,33,37,40,41,44,10,
2936,1,8,14,28,32,38,5,
2937,3,7,11,21,25,33,39,
2938,1,4,10,16,36,42,44,
2939,5,8,9,15,16,21,26,
2940,5,10,11,23,41,43,24,
2941,10,11,17,19,27,37,24,
2758,10,12,29,35,38,
2759,29,33,34,37,42,44,17,
2808,10,11,12,16,42,22,
2809,17,20,22,30,36,37,16,
2802,14,22,27,31,33,34,
2803,10,13,23,27,17,13,
2800,12,17,29,34,39,23,
2801,10,23,30,42,
2806,20,24,26,40,44,22,14,
2807,18,22,25,26,42,44,
2804,15,19,24,29,31,42,
2805,12,15,26,33,42,15,
2899,16,18,24,28,29,45,
2898,15,21,24,34,37,44,29,
2895,16,31,38,39,45,
2894,11,19,42,45,10,
2897,10,27,31,34,20,14,
2896,11,22,28,31,32,10,
2891,12,13,17,25,34,44,29,
2890,22,32,36,39,44,
2893,12,16,28,30,31,42,36,
2892,11,23,37,44,19,
2734,19,24,42,45,32,
2735,22,31,34,36,38,39,43,
2736,11,27,37,43,44,12,
2737,15,18,21,26,30,39,
2730,15,30,40,11,
2731,19,33,36,37,40,
2732,18,21,31,42,44,28,
2733,12,13,17,36,43,44,41,
2738,10,15,17,34,19,10,
2739,14,26,30,43,12,
2855,11,14,16,30,32,34,19,
2741,13,14,39,19,
2740,15,29,36,37,45,25,
2743,11,20,22,38,17,
2742,12,28,29,32,42,24,
2745,17,18,32,33,44,25,
2744,14,22,24,29,41,43,
2747,13,22,30,31,34,38,
2746,27,34,36,42,11,
2749,13,15,19,38,43,14,
2748,17,22,35,43,14,
2965,17,25,29,34,39,44,38,
2964,29,30,35,37,38,10,
2966,11,12,22,37,26,
2961,13,29,31,39,40,21,
2960,10,12,14,26,33,40,
2963,11,27,39,43,37,14,
2962,19,22,31,34,44,43,10,
2846,14,19,22,34,35,
2847,12,22,24,31,34,10,
2844,15,17,19,22,23,26,11,
2845,12,20,22,31,43,27,
2842,11,22,31,36,41,
2843,12,17,27,28,43,45,
2840,10,26,27,32,38,42,11,
2841,11,13,24,26,44,
2848,1,5,7,24,27,45,3,
2849,8,14,22,30,34,41,1,
2850,1,7,10,23,25,35,18,
2782,5,7,10,34,36,37,32,
2851,7,13,17,19,20,26,5,
2783,9,11,30,38,39,43,40,
2778,12,27,35,39,17,
2779,14,17,22,31,44,10,
2770,20,27,32,40,41,44,22,13,
2771,11,17,22,26,32,10,10,
2772,10,20,26,28,41,44,15,
2773,22,24,25,31,37,29,
2774,10,19,22,42,32,
2775,30,37,42,44,45,31,
2776,23,31,35,37,39,
2777,11,21,45,27,22,
2751,19,20,23,30,16,
2852,9,13,18,19,23,28,1,
2785,13,30,33,38,41,43,
2784,16,21,24,26,
2787,22,25,27,33,17,12,
2786,11,14,17,18,27,32,35,12,
2781,13,20,22,25,33,37,41,
2780,21,32,35,39,43,18,
2783,11,30,38,39,43,40,
2782,10,34,36,37,32,
2789,22,26,34,36,
2788,17,31,37,38,45,26,
2853,4,9,26,27,37,44,12,
2859,4,5,11,26,37,45,39,
2854,2,16,18,19,25,38,23,
2671,13,17,28,44,45,
2670,10,11,12,16,36,38,39,
2673,14,24,28,36,18,32,
2672,18,27,29,44,
2675,15,23,27,36,16,
2674,17,20,24,26,28,
2677,11,21,36,37,44,24,
2676,13,17,29,44,27,
2679,11,12,16,34,41,38,
2678,15,17,21,33,37,18,
2929,14,15,20,23,33,44,34,10,
2928,12,30,45,19,
2689,8,12,24,39,40,41,23,
2921,11,16,36,43,19,27,
2920,12,27,32,33,36,26,
2923,12,20,32,37,38,26,13,
2922,24,27,29,40,43,
2925,14,22,27,40,43,
2924,14,22,31,36,44,32,
2927,12,20,29,35,31,51,
2926,10,15,17,22,31,11,15,
2691,11,18,27,30,34,44,12,
2692,1,4,11,34,35,43,41,
2693,12,19,23,30,36,41,10,
2694,6,13,17,26,36,39,7,
2695,13,20,32,41,43,44,21,
2698,4,10,21,22,27,32,44,
2815,10,24,26,27,31,20,
2814,13,23,30,36,40,43,41,
2817,11,20,24,38,39,44,17,
2816,29,33,35,41,
2811,19,30,35,42,44,45,
2810,14,25,34,42,45,17,
2813,21,26,38,41,43,16,
2812,11,12,16,22,26,38,31,
2858,5,16,30,32,33,41,14,
2819,36,37,42,43,17,
2818,22,23,27,29,32,38,16,
2958,19,23,35,39,45,41,
2959,11,13,18,19,20,36,15,14,
2954,18,31,32,42,34,
2955,13,24,28,38,32,27,
2956,10,14,17,34,37,32,
2957,17,19,38,40,41,42,28,
2950,15,27,37,42,
2951,11,18,32,34,41,45,
2952,23,28,43,41,
2953,21,26,27,43,15,
2859,4,5,11,26,37,45,39,
2727,15,21,27,35,10,
2726,11,20,25,26,36,33,
2725,11,38,39,41,45,
2724,13,17,25,27,29,11,16,
2723,11,12,17,23,30,31,41,
2722,14,17,32,33,45,
2721,12,20,25,38,43,44,15,
2720,17,20,33,36,37,42,10,
2729,12,21,34,39,42,14,
2728,13,19,23,29,44,
2931,13,33,37,40,41,44,10,
